 0.000000   1.745342   -1.545128
 0.000048   1.745269   -1.555050
 0.000190   1.745046   -1.568698
 0.000428   1.744673   -1.585233
 0.000758   1.744146   -1.602415
 0.001181   1.743466   -1.618624
 0.001696   1.742628   -1.632542
 0.002303   1.741634   -1.643272
 0.003004   1.740479   -1.650319
 0.003799   1.739164   -1.653614
 0.004692   1.737688   -1.653424
 0.005683   1.736049   -1.650249
 0.006777   1.734246   -1.644774
 0.007975   1.732279   -1.637777
 0.009280   1.730148   -1.630032
 0.010692   1.727851   -1.622193
 0.012214   1.725389   -1.614713
 0.013845   1.722761   -1.607832
 0.015585   1.719967   -1.601594
 0.017436   1.717008   -1.595913
 0.019397   1.713884   -1.590717
 0.021467   1.710596   -1.586051
 0.023647   1.707143   -1.582033
 0.025935   1.703528   -1.578779
 0.028330   1.699750   -1.576370
 0.030831   1.695810   -1.574859
 0.033434   1.691711   -1.574286
 0.036139   1.687453   -1.574659
 0.038942   1.683038   -1.575977
 0.041841   1.678468   -1.578171
 0.044832   1.673743   -1.581007
 0.047913   1.668867   -1.584116
 0.051083   1.663841   -1.587096
 0.054340   1.658668   -1.589558
 0.057684   1.653348   -1.591119
 0.061116   1.647886   -1.591483
 0.064636   1.642284   -1.590643
 0.068246   1.636544   -1.588953
 0.071946   1.630669   -1.586913
 0.075734   1.624662   -1.580825
 0.079608   1.618557   -1.555422
 0.083564   1.612483   -1.503387
 0.087597   1.606546   -1.440595
 0.091701   1.600760   -1.380221
 0.095871   1.595126   -1.323571
 0.100101   1.589643   -1.270541
 0.104385   1.584309   -1.220820
 0.108717   1.579124   -1.174015
 0.113093   1.574085   -1.129725
 0.117508   1.569192   -1.087587
 0.121958   1.564444   -1.047297
 0.126440   1.559838   -1.008639
 0.130951   1.555373   -0.971479
 0.135488   1.551048   -0.935723
 0.140048   1.546861   -0.901299
 0.144627   1.542811   -0.868170
 0.149223   1.538896   -0.837259
 0.153833   1.535103   -0.812434
 0.158456   1.531394   -0.795644
 0.163090   1.527738   -0.782740
 0.167733   1.524133   -0.770401
 0.172384   1.520578   -0.758428
 0.177044   1.517072   -0.746785
 0.181709   1.513614   -0.735453
 0.186380   1.510205   -0.724416
 0.191056   1.506843   -0.713661
 0.195735   1.503529   -0.703182
 0.200417   1.500261   -0.692967
 0.205100   1.497039   -0.683004
 0.209785   1.493862   -0.673284
 0.214469   1.490731   -0.663797
 0.219152   1.487644   -0.654532
 0.223834   1.484602   -0.645474
 0.228513   1.481602   -0.636603
 0.233188   1.478647   -0.627969
 0.237859   1.475733   -0.619705
 0.242525   1.472861   -0.611862
 0.247184   1.470028   -0.604431
 0.251836   1.467232   -0.597406
 0.256480   1.464474   -0.590762
 0.261116   1.461750   -0.584475
 0.265743   1.459060   -0.578527
 0.270360   1.456402   -0.572913
 0.274967   1.453776   -0.567638
 0.279563   1.451178   -0.562709
 0.284147   1.448610   -0.558128
 0.288719   1.446068   -0.553906
 0.293277   1.443553   -0.550062
 0.297819   1.441062   -0.546639
 0.302346   1.438595   -0.543849
 0.306854   1.436149   -0.547231
 0.311347   1.433669   -0.591036
 0.315831   1.430843   -0.698758
 0.320321   1.427399   -0.834334
 0.324837   1.423329   -0.965501
 0.329402   1.418631   -1.089697
 0.334037   1.413304   -1.205741
 0.338762   1.407345   -1.313220
 0.343594   1.400753   -1.412111
 0.348548   1.393526   -1.502518
 0.353638   1.385662   -1.584668
 0.358876   1.377159   -1.659038
 0.364275   1.368015   -1.726255
 0.369844   1.358227   -1.786914
 0.375591   1.347795   -1.841602
 0.381525   1.336715   -1.890925
 0.387652   1.324988   -1.935414
 0.393976   1.312616   -1.970432
 0.400499   1.299673   -1.954950
 0.407216   1.286733   -1.862163
 0.414116   1.274317   -1.738702
 0.421185   1.262446   -1.622482
 0.428408   1.251129   -1.513713
 0.435768   1.240370   -1.411799
 0.443251   1.230173   -1.315978
 0.450838   1.220539   -1.225475
 0.458515   1.211468   -1.139581
 0.466266   1.202957   -1.057691
 0.474079   1.195006   -0.979288
 0.481939   1.187609   -0.903932
 0.489835   1.180763   -0.831266
 0.497756   1.174461   -0.761017
 0.505692   1.168696   -0.692967
 0.513631   1.163461   -0.626978
 0.521564   1.158744   -0.564271
 0.529485   1.154515   -0.519612
 0.537385   1.150523   -0.505069
 0.545261   1.146546   -0.505318
 0.553111   1.142577   -0.506127
 0.560930   1.138616   -0.507096
 0.568718   1.134662   -0.508145
 0.576474   1.130717   -0.509260
 0.584194   1.126781   -0.510449
 0.591879   1.122854   -0.511718
 0.599525   1.118936   -0.513068
 0.607131   1.115028   -0.514498
 0.614696   1.111131   -0.516009
 0.622218   1.107243   -0.517601
 0.629696   1.103367   -0.519267
 0.637128   1.099501   -0.521003
 0.644513   1.095647   -0.522807
 0.651851   1.091804   -0.524703
 0.659139   1.087972   -0.526897
 0.666378   1.084150   -0.529560
 0.673567   1.080332   -0.532496
 0.680703   1.076521   -0.535505
 0.687788   1.072717   -0.538571
 0.694820   1.068919   -0.541703
 0.701797   1.065128   -0.543970
 0.708721   1.061357   -0.547136
 0.715589   1.057582   -0.551275
 0.722402   1.053815   -0.554578
 0.729158   1.050057   -0.557923
 0.735858   1.046307   -0.561305
 0.742501   1.042568   -0.564722
 0.749085   1.038838   -0.568281
 0.755612   1.035117   -0.572239
 0.762079   1.031402   -0.576688
 0.768488   1.027691   -0.581334
 0.774837   1.023985   -0.585585
 0.781128   1.020289   -0.588767
 0.787361   1.016612   -0.590379
 0.793537   1.012964   -0.590590
 0.799656   1.009351   -0.591126
 0.805718   1.005763   -0.595716
 0.811725   1.002161   -0.609206
 0.817678   0.998477   -0.636116
 0.823576   0.994622   -0.679791
 0.829422   0.990493   -0.742034
 0.835216   0.985985   -0.823085
 0.840960   0.980997   -0.827643
 0.846655   0.976517   -0.930146
 0.852305   0.970445   -1.146677
 0.857912   0.963610   -1.298573
 0.863482   0.955930   -1.466673
 0.869019   0.947319   -1.653990
 0.874530   0.937657   -1.857631
 0.880019   0.926884   -2.062132
 0.885493   0.915049   -2.269180
 0.890955   0.902070   -2.502643
 0.896411   0.887724   -2.791006
 0.901868   0.871612   -3.142761
 0.907331   0.853405   -3.502086
 0.912810   0.833292   -3.814618
 0.918311   0.811523   -4.097244
 0.923843   0.788087   -4.368944
 0.929413   0.763016   -4.607097
 0.935021   0.736591   -4.780821
 0.940647   0.709311   -4.878789
 0.946260   0.681754   -4.919652
 0.951829   0.654297   -4.902242
 0.957353   0.627374   -4.769417
 0.962870   0.601638   -4.503601
 0.968444   0.577425   -4.170085
 0.974082   0.554885   -3.858512
 0.979654   0.534171   -3.633349
 0.984910   0.515544   -3.521001
 0.989601   0.499149   -3.544907
 0.993633   0.484621   -3.679733
 0.997062   0.471694   -3.808847
 1.000000   0.460370   -3.854294
 